3.327141194193303786e-01
-7.641623333669654627e+00
-1.678774932208972359e+01
4.339699240727980523e-01
3.980489783913023216e-01
1.012882077901750904e+03
-4.972343171139119278e+00
9.484159396879809911e-01
5.433395752400062229e+00
2.806493811712925446e+00
9.199605656679714230e+02
2.475453419676696285e+02
2.426921133214922861e+02
1.608505955067405750e+02
1.008093168819036656e+01
4.763208136341592080e+01
6.997197003078539090e+00
4.412741437724974958e+00
3.289330525546678263e+00
2.931632006609881547e+00
3.434850501379922871e+00
6.373231916461533864e+00
3.586953456286134490e+00
3.066045019286639750e+00
8.032570089647075307e+00
2.873338337719384405e+00
2.271940159210905197e+00
3.048978371094268169e+00
5.257123115570149707e+01
2.556454066628808448e+02
6.146019485525923756e+02
7.841502828482325640e+02
4.840322476843601862e+01
1.196142161833612505e+01
-5.465190606380550520e+01
-1.357662373702854666e+02
-1.556001091560115981e+02
1.643511767212726937e+01
5.622108427788648441e+02
5.859550423117572109e+02
-6.979782626614264984e+01
3.223544386940940587e+00
7.614987178490498998e+00
5.782748879468757153e+00
4.255279617366126033e+00
3.175541324278462696e+00
6.625029143619257654e-01
3.227589697754019227e+01
6.245840235614437574e+00
-1.640003415584740054e+01
8.943379474530017603e+01
3.984738521353280305e+01
9.079549170781747947e+00
-2.343171845863233071e-01
7.142718373464865067e+01
-1.150799857517245783e+02
2.084263769122715881e-01
-3.776019816259517548e+00
7.645852200342048377e+00
-4.803710470571661517e+01
-1.138049938951609802e-01
-5.155208564842209684e-01
-2.835599594571540649e+00
-1.001358433053058938e+00
-1.223497900516324621e-01
4.559859837466706090e+00
-5.841502933125505947e+00
-3.305883190290519025e+00
4.136406834693087675e-02
2.371907804584148516e-01
1.481752778252516478e+01
-9.959076711884053523e+00
-9.677299550325628275e+00
-4.891022719194737078e+01
-1.883914048642899175e+01
-2.644106795198588600e+01
-3.138054385242029909e+01
-3.347564244885471663e+00
3.053579755333380774e+01
2.379151188134141837e+00
5.823525755243330604e-01
3.858201104201791631e-01
4.505726078273470936e-01
4.296103164200247571e-02
-3.137384811101530668e-01
3.353896062337233985e+01
-3.480936064980105993e+00
5.522051590623451744e+01
1.291344605087477060e+00
5.091484480351185482e+01
3.585218619077819024e+00
-8.099700614962710432e+00
-2.329449420807016224e+00
-3.542061592685407323e+00
-2.417295231793722010e+01
-4.246859758367075521e+00
-1.157020151444377944e+02
-1.726499645264905780e+01
-9.656746928689711922e+02
-1.554729993534590733e+02
6.867076221568824579e+00
-5.444082363674256442e+01
3.277569001639965762e+01
-1.032136050652144661e+02
3.819732000199991262e+01
-4.651498224376750557e+01
3.321884009675942195e+01
-8.015829513792344585e+01
4.070744862052988822e+01
1.876847904440931813e+02
2.926393277634932133e+01
3.692936163543791963e+02
3.949499916421579115e+01
3.989661224603524374e+02
3.410416699014584196e+01
4.664916269510080582e+01
5.909773254024071321e+02
9.565045762036162103e+01
1.640685871762779016e+02
3.196305769260886223e+02
2.451473054192596464e+03
1.617552769964924300e+04
3.170990110613767229e+03
8.462088934695921125e+03
1.735614525923881956e+04
2.406174964394402593e+01
2.209350545756581994e+02
1.148709926572010590e+05
3.092931336520846841e+01
2.004808726375059180e+01
1.562505363475805176e+01
1.536451199277066626e+05
3.169779318326656892e+01
-4.384626329631591216e+06
9.412475338127273972e+01
-8.074321828963511507e+04
3.097475544485318437e+02
-3.260996030098580741e+04
3.050932221580610531e+02
-1.716957063194430157e+04
7.124918480030314072e+01
-1.100557921275579611e+04
1.580837936976002709e+02
-7.231831209773689807e+03
5.006715925241302045e+01
-4.580594748206597615e+03
-5.826846853166345142e+01
-2.686539433495598132e+03
-7.584377872193466885e+01
-3.893994261118758686e+02
-1.951261846886706453e+00
7.376966915752897876e+03
-9.805712342546338789e+01
6.131573952600677148e+04
-1.302966637785920966e+03
-1.607696280059865603e+04
-1.238122347655442127e+03
-1.231566803397928015e+05
-1.730512052068319463e+03
-1.286573712132401624e+03
-4.195405512246247781e+02
-6.194184436419568556e+02
6.142364617777757019e+01
-3.788456512974262225e+00
4.986593592437690958e+00
7.617110429501605040e+02
-1.414176118489287592e-01
-2.039266140840255037e+00
-1.425355029269068652e-01
-2.084964855224263669e+00
4.746871005142084243e+01
2.325444464463565964e+03
2.577317628081795533e+02
2.434859699113245313e+02
-2.426916625797536309e+00
3.797301456741942616e+02
1.845459274699017215e+03
-1.156058825130476109e+01
9.906738634383572162e+02
7.947399009237964265e+02
-1.406572051425524172e+01
4.051869162579093882e+02
4.067530456762193580e+02
3.408390584613538863e+02
-7.731342190178490625e+01
1.388799683218951941e+03
1.100441945225591780e+03
4.160414363964565041e+02
5.686254710069493257e+01
-1.694820939620209188e+01
3.842832542790191610e+02
2.555937422409350859e+02
6.392367586880198616e+01
-2.507528441601516533e+01
6.034252239849480475e+02
5.744314249730066422e+02
2.373142719472357953e+01
-1.491742158462935208e+01
7.089836127054667259e+02
3.839433194514495540e+02
-1.984926296345425101e+01
-1.662236833456898921e+01
1.116170284290219115e+03
9.833349533718518387e+02
-3.514102376171447162e+01
1.586735361503673003e+00
3.111892484601640945e+02
-1.108786546798232742e+01
4.063577024932643553e+02
5.709856012088765738e+02
3.629343784952714032e+02
1.335957001603551362e+02
5.114306209212576277e+02
-4.444621348129572103e-01
-1.679849163277895574e-01
3.175703667828511811e+02
-1.342131404252257809e+01
1.688707045658335559e+01
2.757758335002417738e+00
1.075247101673846961e+00
4.258976663244473215e+00
-3.776090866417632697e+00
3.006923574800713705e+00
-5.158230337093587359e+00
3.229191260187975754e+00
-5.661154310324433503e+00
-1.351582181487432477e+00
-6.520568773258254847e-02
9.115726318577912934e+00
-1.052584729446118494e+01
8.094445757864276914e+01
4.456535569085538384e+00
7.214770008939338730e+00
-7.152105305156700510e+00
-1.517962772432420948e+00
1.268408731396819533e+01
5.478927377025519796e+00
6.197950293318739057e+01
6.905056044643703927e+00
6.124626514023573520e+01
1.324139547627521729e+01
4.454133079174469856e+01
2.760268654852556836e+01
1.738275449297595898e+01
1.060953264831724319e+01
6.740211428994634879e+00
1.532696393911919017e+02
1.421536148966849566e+01
1.233471024424675164e+02
2.301793503781312609e+02
1.179601909067619836e+01
7.876431049646818394e+01
3.909234111521043786e+01
9.059409934504108364e+00
-1.074217665947457689e+01
3.693504090710645755e+02
4.929011543217131930e+01
1.531009359307222724e+02
2.052942170563502255e+00
9.170908283900553215e+02
3.397163656002027743e+00
1.693311121692224219e+02
2.321270492036045141e+02
4.155683851273704477e+01
1.268319054524625678e+01
-9.214680306798969767e+00
4.502282102813949791e+02
-3.457628039289141952e+01
4.417636230083791702e+02
1.839917618761495817e+02
2.693132321184896938e+01
1.676598389810570566e+01
2.323736950830720005e+01
2.614217226600550248e+02
-4.556064928828746474e+01
1.287484340001591079e+02
2.196698832808683051e+02
1.257818617796497485e+01
9.374041583010134460e+00
-2.393495769021371444e+01
1.009379458409024011e+02
1.426027056941057580e+01
1.329892604369887543e+01
2.446234504952534792e+02
2.455103186337313392e+00
9.556053836000273805e+00
5.309192173446763263e+02
3.267384122382543943e+00
9.664996991980666863e+00
2.735771353314849534e+02
5.506368765007194810e+01
1.847522434668748019e+02
1.054146497634027213e+02
3.869683169386215837e+01
1.282231864533967212e+02
3.004971166846050590e+00
2.677659562315426811e+01
-7.835854946645435248e+00
1.262983650384947332e+01
2.437465583182433093e+01
-8.415749147147241871e+00
8.328085558096258723e+00
1.490255220904009192e+01
-1.252260985956024264e+01
1.057029947178040885e+01
6.053443644276739199e+00
2.376777829943827314e+01
2.428952178345069868e+01
2.476387084344085565e+01
5.935609574720057680e+00
-2.801818333214127676e+01
1.737732322141818742e+01
-1.644518295988485646e+00
-2.372119348552095630e+01
2.457868925422215156e+01
6.040840424171227241e+00
-1.511516149170375627e+02
1.477569424376750362e+01
2.080849529806072518e+00
-5.857009397066673984e+01
9.915270687520017390e+00
5.476689839999360210e+00
6.949797144173929020e+00
1.432809260940496365e+01
6.983838697524261008e+00
6.866505292679318018e+01
-2.135369499708256313e+01
3.925299888774228751e+00
6.817338286132358371e-01
-1.552138204374328190e+01
-1.006828836909258174e-01
-2.764038106656607208e-01
-1.061945364532452061e+02
-1.834178672459424175e-01
-3.220896579820705652e-01
-7.474023558253005683e-01
-1.600103242541546789e-01
-2.171534235601105256e-01
-1.305626893379434883e-01
-1.421786439409987723e-01
-9.935440450210274166e-02
-3.257895063488243093e-01
-4.894320208066091027e+01
-1.340879896324732347e-02
-5.115183057792834637e-02
-4.744760201700488622e-01
-1.032401575416382968e+02
-5.552657768627194956e-01
-1.699247296203018343e-01
-1.196323081509476260e+01
2.137382027454381300e-02
-1.125512694694568855e-01
-6.723779528148976503e-01
-5.667753117457828438e+01
-1.891898724419251079e-03
-1.686256272482241914e-01
-6.007920305189191623e+00
-4.805362346132883294e-02
-3.566917469950956626e-02
-7.225704980443062864e-01
-1.374217728893596480e+01
-1.110758162716384001e-01
-3.215426216308799046e-02
-7.143100353491231846e-01
-8.769432190350232026e-02
-4.038017316262886014e-02
-2.357388116919748727e-02
-7.141238648542079792e-01
-6.376501056724268035e-02
-2.182140911940069761e-02
-4.210438766427795909e-02
-5.957801213685435249e-01
-9.618426109484079500e-02
-3.944446740347698488e-02
-5.725273881164985590e-02
-4.874488647283896636e-01
-1.031137390460508535e-01
-2.330723336016258737e-02
-3.134538280274764416e-02
-5.616825049033101758e-01
-7.535338147311627932e-02
-1.464079120917623038e-02
-7.151088005904965642e-03
-4.754039846635920719e-01
1.158834091389715215e-01
-8.536564716132911609e-03
-1.035453740856245343e-02
-2.504946421707072157e-01
-8.144684891206591670e-01
3.287054137148779503e-02
-8.690783473539043583e-03
-8.519842740180859353e-02
6.153274263198903249e+00
7.280054891175843923e-02
1.781540155615226814e-02
-2.930702338962204966e-03
-5.793853980569187330e-03
-9.324498518168847783e-01
5.792904681846746534e-02
-4.584968063672006933e-03
6.998755980645981470e-04
2.247311341411051266e+00
2.653026273733491425e-01
6.139339014214122148e-02
-2.684485106235331639e-03
2.352548862350903672e-02
4.006011972318641590e+00
1.963230587464941113e-01
1.290353210619017976e-01
7.768461121810044849e-04
3.274381556188896841e-02
-1.588784611628283194e+01
3.084700905788653191e-01
1.419795400416792031e-01
2.494425081021387717e-03
-5.393014092535484277e-03
-4.629351498575005053e+00
-1.038731873385634552e+00
1.611713751714093368e-01
5.498750968265871814e-02
3.021701866539821136e-03
-7.631160823777231039e-01
-3.239744510136782107e+00
3.862696482921325614e-01
2.904803069383448122e-01
5.813926749642144226e-04
-9.735473146200754324e-03
-2.220005909753336670e+00
-3.446711354277737449e+00
4.733841205486143400e-01
2.408790265322462154e-01
9.791032733888675819e-04
-5.255932825021272271e-03
-1.475125449044363712e+00
1.246144069924478259e+01
2.083803374496452587e+00
9.577705806500715069e-02
-6.205753304958098321e-03
8.437347931619252001e-04
1.484174408038907989e-01
-1.543896685634640953e+01
-5.142890035061491716e+01
1.463288937812620427e-01
3.177027622950254204e-02
-5.851868186951602289e-03
4.029777078929055144e-03
-2.663223425164368274e-01
-1.844252576804494126e+01
-1.701543466174930278e-03
4.181827226699818212e+00
1.428920226696622497e-01
-6.713965955392754183e-03
-1.549016978775541583e-03
2.498325454109361354e-01
-1.484452398612624435e+01
-3.336484576526755319e+01
-1.508366344378830659e+00
-6.550671021079229606e-02
-3.131473916889489228e-02
-6.936406126766196494e-03
1.300665992303219262e-02
-8.598876187276040250e-02
-1.243031894220533502e+02
-1.363969002239266004e+01
5.701588117159330782e-01
6.629099820087613004e+00
-3.279784743420017384e-02
-6.190625677444641130e-03
1.076672168334008931e-02
6.059647989412188934e-02
-1.232576702161330928e+02
-6.354683916998576265e+00
4.615108852229610648e+00
2.188101325471394798e+00
-3.657838433240845344e-02
-7.914732053860180916e-04
3.533556347573172589e-04
7.963928736152807442e-02
-8.877323008506998736e-01
-4.088121129025124389e+01
-1.429513853632852882e+00
-1.807554044378877067e-01
1.039582237440845880e+00
1.417951354269999298e+00
-4.639071386537114289e-02
2.917146548703242366e-03
1.624036372567108817e-03
1.166580848261668385e-01
-3.822940394469372283e+00
1.041877646063132445e+01
-4.220410808357299981e-01
-2.601181606427593329e-01
4.093364354113100845e+00
1.719142200438087853e+00
1.789557938973575180e+00
9.369453458293938719e-02
1.047786230283252306e-03
5.699899165685256772e-03
1.111611850436331067e-01
-1.019950237255555692e+01
5.524905917821864243e+00
-1.498888729942631781e-01
-5.794614535864227312e-02
3.384975300443233137e-01
9.781225914044419101e-01
6.222513683113131133e-01
-4.450311294548846969e-02
1.770561440573684229e-03
1.807596420145380148e-02
-1.392448937617665489e-03
-6.471830341401145859e+01
4.317459088572118131e-01
-1.133659124101764615e-01
2.334262866695015204e-01
4.583313627581156458e-01
6.169947860096564041e-01
-1.753147924866587659e-01
2.540882856730661971e-02
2.367153602888794756e-03
9.184357446962531854e-03
2.553470466382157245e-01
-1.357147904152322724e+02
1.693781484656153857e-01
-5.821705223294618842e-02
-7.064621127495548936e-02
2.824661324129153495e-01
2.889793088166638935e-01
-1.333285331997259848e-01
-4.409333580054030505e-02
1.524458954889574549e-03
6.759645132964474010e-05
4.620052466427770899e-02
8.971730908243820579e+00
4.883864500652823071e-01
8.089001023767222742e-02
-9.622184312954798480e-02
-4.694982071811724944e-02
2.311150806403041436e-01
1.583839913508480468e-01
-1.688786467763613852e-01
-1.131615911910247574e-01
2.000798236618294215e-03
4.263019293034169682e-03
3.984780166913988453e-02
2.642523552479427451e+01
-1.232368513833247969e-01
4.033714347664512506e-02
2.513811697308988499e-02
-3.403344932292101666e-02
2.378444075196990692e-01
3.439950912473812433e-02
-4.381588248798611723e-02
-2.366291832966286104e-02
2.360070249458941921e-03
7.771909355136742518e-03
5.515401225226189419e-02
1.619642794078476555e+01
-2.323955000141561256e-01
-4.202117649811358546e-02
5.108875760473347016e-02
6.661185987736992220e-02
5.735886779965801950e-03
-1.387464549948388692e-01
-6.234594653588720198e-02
-8.308756905171977994e-04
-1.878071933305153901e-03
7.123142809219860927e-02
1.938234631818955478e+01
-3.811096941891218837e-01
2.387388740920116242e-02
3.408381608844305959e-03
1.083637114476992958e-01
1.350719950470510022e-01
-5.807856223918302779e-02
1.683223651976566149e-02
-4.547779865608709768e-03
8.568301920186721697e-04
4.462338334398364970e-02
3.033296836450260492e-01
3.087542937837616464e+00
-7.989902321373762439e-02
7.164890410352255795e-03
2.592805468917251319e-02
3.342706943885028620e-02
-2.291793451514851504e-02
-3.406415333094122561e-02
-3.790139327472409093e-03
-5.186262104615561733e-04
6.111863355568358108e-02
1.194288414967540790e+00
1.219508773187074846e+00
-2.164402960585939950e-03
-6.949291910258851603e-03
-1.722410051485605553e-01
9.039536134385071919e-02
1.030501077265576215e-01
-4.323658847347779804e-03
1.622080774300364847e-03
9.860367886406304350e-03
-1.606287882883803142e-01
1.868807243499865223e+01
-9.560107735754685976e-02
1.765422671049485595e-02
3.208395595974902065e-02
-2.373054099175922558e-03
4.087220368405281717e-02
3.638180064482186143e-02
7.193925306694990253e-04
-1.249974538305866729e-03
-3.351903107926508529e-02
-7.112037004876257951e-02
5.454794393395477892e-01
1.366858040122682742e-02
-5.728581432234567533e-03
-1.245732107480561068e-01
5.247853130633442498e-02
1.261173132300716891e-02
8.379890886012798801e-03
1.246910183345844095e-03
6.628762343427209262e-03
-8.877603494172241205e-02
1.523093062841760137e+01
-9.558741330925171753e-02
1.794299330847782398e-03
-1.083803701105831531e-03
8.731024451059010011e-03
3.619872826731649479e-02
1.735676275656887957e-03
8.807193759766927810e-04
-2.715150511190710363e-03
-1.142102902293166411e-01
-8.542574614471529770e-01
-2.379266316944345094e-01
-7.321049018965364481e-03
4.944527224678770157e-03
9.890669526847533852e-03
-7.510034591314440622e-02
8.632729343105726566e-03
2.077453477382558986e-04
-2.308785204811406814e-03
-7.105734205096569944e-02
-1.549586512183310338e+00
-1.364927272799947300e-01
-1.861098355460963708e-02
3.584574796338393758e-03
-1.309005664334976157e-03
-4.097311504194550008e-02
1.268985745042392442e-02
2.375210010272682277e-04
-7.884702324642044527e-04
-2.361542975156418617e-02
1.340336890566002359e-01
1.911695238343686931e-01
-2.403201376994304819e-02
4.265565355451344381e-03
-1.084929782074760783e-02
-2.894600174762936018e-02
8.406427510292469041e-03
6.949176782794432190e-05
-3.999864534780638720e-04
2.396508941198652320e-03
3.326159278985079126e-01
4.640866069928973880e-01
-4.664352531286707071e-02
2.388081508740761989e-03
-1.469170668212063657e-02
-1.333614227875353463e-02
5.400704389545814971e-03
-2.237676251584653467e-04
1.083408821480587661e-04
4.518798942564902082e-03
1.619238693354590752e-01
-2.442846248416696042e+01
-1.347519388727320688e-01
-7.910178012355287497e-04
-1.298002434443346932e-02
-4.686951352160233231e-03
3.609665831368971678e-03
-4.191435584725984294e-04
2.060050209372581769e-05
3.666713179689091913e-05
1.330002189463972383e-02
-5.419005524042254507e+01
-2.918776388169058711e-01
-1.552921041537330075e-03
1.622912859772724704e-04
-6.128946134420193426e-03
2.475283435670527863e-03
-2.352501082369778105e-04
-1.554008083175289687e-04
-7.424118925619909012e-04
-4.129202271943344105e-02
-2.901246310610834911e+01
-3.817127209087163853e-01
-3.356860277219963704e-03
-4.021708917484540305e-04
-2.868625628771743086e-03
1.758824515281747153e-03
-4.345531135868425259e-04
-2.320554476842559858e-04
9.757804757619410047e-04
-1.144044839784093825e-01
-3.082128906041841887e+01
-3.604998115965047378e-01
-2.549399846583784782e-03
-1.106036644954374974e-03
-1.599076661667078389e-03
1.335243448760713983e-03
-8.710427991705029264e-04
-2.899934799272254021e-04
2.166011673253011739e-03
-1.910792728897368065e-01
-3.193622723190939183e+01
-2.661157074721923754e-01
-5.107827885074257487e-03
-1.533890286963862388e-03
-1.187413159572567409e-03
9.048339534516811750e-04
-9.753589269054769141e-04
-4.250816675269252333e-04
-3.052551963006053183e-04
-2.199575893389873471e-01
-2.735592150836517522e+00
-2.426018135787992303e-01
-1.306541621177317695e-02
-5.692113268330832978e-04
-1.072410450385265310e-03
5.298736774742412439e-04
-1.036044715610684713e-03
-5.512156867173684900e-04
-1.671321027425925598e-03
-1.981182318549284671e-01
-1.858618584596718790e+02
-2.612981225366932114e-01
-3.361167210802444572e-02
-5.637701740267311813e-04
-1.286532221814337630e-04
2.086468819095461447e-04
-1.061794179648293873e-03
-5.524077915339245439e-04
-2.246562973742934066e-03
-1.387505544567921578e-01
-2.027332533548679692e+02
-1.463530555042681092e-01
-1.869563015835089617e-02
-4.788508556005910389e-04
-4.203660590657697245e-04
-3.104683651209634077e-05
-1.067277861804451309e-03
-4.653662864280204512e-04
-4.813281207532701077e-03
-4.238199598410447716e-02
-1.072328150910830828e+02
7.106102384121509852e-02
2.601828392301172230e-02
-1.134046678860123596e-03
-4.997577745075012980e-04
-5.399689978712665650e-04
-1.021385192871093750e-03
-3.794253729702135990e-04
-1.452549651867691451e-02
1.551675475644844794e-02
-1.642777764233128934e+01
2.099221160053382218e-01
2.243728854394491656e-02
-1.705949202661822010e-03
-4.779236380680224614e-04
-8.029882239739910771e-04
-9.000301361083984375e-04
-7.328879367703713347e-04
1.291425808946559603e-02
3.666941958696246645e-02
-5.017034167575814552e-01
-4.858637090249166846e-02
1.262335163815626014e-02
-1.519481967049351881e-03
-6.866253656066458218e-04
-9.486675262451171875e-04
-5.813759385762347137e-04
-2.315511545098617851e-03
6.381927988332342962e-03
4.857678012375489796e-01
-1.392463779839493432e+00
-8.295415010211167409e-03
-2.881659835749368972e-03
-1.175278903081422447e-03
-7.848739624023437500e-04
-8.286237716674804688e-04
-5.226643249190003919e-04
2.812842112973746797e-02
-1.686775060948735359e+02
2.546889862665925874e-01
3.050486310529834655e-02
3.582380666933950714e-02
-2.067233630989821075e-03
-8.571097826456324344e-04
-7.996559143066406250e-04
-4.702540139314275998e-04
3.772981107332791864e-03
-8.322871496750196274e-02
2.143283272865751654e-01
9.060632101885929268e-01
8.195217213933431166e-02
-2.513990181330353745e-03
-1.308917016963406094e-03
-7.249116897583007812e-04
-5.902051925659179688e-04
-6.046600729546509206e-04
-6.612577073901716176e+02
-1.106793592649725078e+01
-1.487522306816109285e+01
1.709324906238814945e-01
-1.021589609095870620e-02
-1.872834567100287173e-03
-6.780624389648437500e-04
-6.282329559326171875e-04
-3.596514445533003702e-04
-7.066495157940448808e-03
-1.535220447087445594e-01
-1.028713658452594881e+00
4.681758792369196120e-01
-3.159445808167541878e-03
-2.290782586812267502e-03
-7.903575897216796875e-04
-5.638599395751953125e-04
-3.623564132018805735e-04
5.890352855750910412e-04
-8.627419924075464053e+01
-7.480164268415763484e-02
-2.728248142099610973e+00
3.183698538354290831e-03
-1.916626638315280240e-03
-1.301406681514998042e-03
-5.091428756713867188e-04
-4.858883427701008980e-04
-4.680604353972739204e+02
-4.820697838782602579e-02
-1.765205190818900860e+01
-1.367683590429414764e+01
1.884118747427211416e-01
-6.184154871227809380e-03
-1.854379914592536220e-03
-4.196166992187500000e-04
-4.609823226928710938e-04
-5.911944324345077629e-04
-8.872808062167590037e+01
-4.601665180193294930e-02
2.842251619229330672e-01
5.059719229967541976e-01
5.980779300740856133e-03
-2.058933561777370920e-03
-4.212856292724609375e-04
-3.937482833862304688e-04
-2.147848424326041263e-04
-2.230968088524105854e-03
-1.198076774517605436e+01
1.426730063683189220e-01
1.175009192300949579e+00
2.969338291391709558e-02
-1.726312443684794445e-03
-5.385793756618751640e-04
-2.897977828979492188e-04
-9.765656285836518300e-05
-7.694070750695831862e+01
1.982438739990799448e-02
-4.551030246652894573e-01
1.473575342988744152e+00
5.120248614226037553e-02
-1.401235754556357958e-03
-7.628083393577250997e-04
-1.633167266845703125e-04
-1.867423922343523063e-04
-2.637724502113600806e+02
3.071802069188439045e-03
1.145423880139707362e-01
-6.236016079450993566e+00
7.938392381060650760e-02
-5.212071196063092389e-03
-1.051404469894938421e-03
-3.182888031005859375e-05
-2.621302687025438435e-04
-6.023064100464011972e+00
6.099385711058746308e-03
8.423857956633294675e-02
-4.296528733047659188e+01
1.625049144417507196e-01
-1.205428944808775368e-02
-1.212319132195958720e-03
5.984306335449218750e-05
-2.478361129760742188e-04
2.081729866492610089e-05
2.345716528944115798e-03
6.547286111432236433e-02
2.415420096616106849e-01
4.512462580894569530e-01
-1.581105788646992860e-02
-7.734588809079641749e-04
5.614757537841796875e-05
-1.528263092041015625e-04
1.230884970457183500e-05
-5.620033965147609933e+01
2.594042032208050685e-02
1.926964633491677348e-01
1.131917924382866092e+00
-1.356588262633596532e-02
6.778566788263841111e-04
-9.297059523325057321e-05
-5.960464477539062500e-06
1.868493793138620849e-04
-2.710820806933459721e+02
-8.010743255767175308e-04
3.078397770431624478e-02
2.313325689973541266e+00
3.602950050767480660e-03
1.628990621073316122e-03
-3.528192885528321117e-04
1.604557037353515625e-04
1.886090844977460765e-04
-8.055007558943147217e+01
2.646362355389244268e-03
3.626310043976086472e-01
4.709939716618928074e+00
1.343324336634544973e-02
4.163192104995852745e-04
-5.469378765395609306e-04
3.072023391723632812e-04
7.049554595771283087e-05
4.473250369964672046e+01
-3.157997515112133780e+00
-3.743722947800123824e-02
3.989677148351199687e+00
5.785601923846086375e-02
2.934284661703734452e-03
-3.108196416366604091e-04
3.777742385864257812e-04
1.867002083721677104e-05
9.977932503432034896e-05
-2.931678026473970888e+01
5.990016589911220102e-01
2.675999159454017784e-01
4.045353094783694647e-01
1.101884180831467705e-02
8.379660878818644305e-04
2.992318894136662059e-04
8.022785186767578125e-05
-1.564381038130698031e-04
-1.652864010566060813e+02
-1.971177430326041466e-02
3.688538780639210035e-01
1.744285566773893903e+00
3.256713185519427567e-02
2.311529517629881767e-03
8.305809197846995558e-05
2.119541168212890625e-04
1.872777986578344901e-04
-1.154066197791941477e+03
7.745100051283851927e-01
1.156753510216733810e-01
4.879516347361998463e+00
5.421088643792881107e-02
1.348514567443554694e-03
-1.573794192719677560e-04
3.660917282104492188e-04
4.801716556333927312e-04
2.169257541163569641e-03
-2.731137234024029192e-01
5.338664215587057144e-02
6.580538007888015350e+00
3.883669691645427052e-02
-2.999967573742173647e-03
-9.500115262919681851e-05
4.748702049255371094e-04
5.067886662622773236e-04
-3.346681095081475519e+02
-1.883972972441156557e+01
2.869840251970633138e-02
-1.518687960897167954e+01
1.302542941329880820e-02
-1.444761798317555773e-02
7.184077494411775277e-04
4.667043685913085938e-04
4.353881938478413563e-04
2.107852604202137314e+01
-1.618963427506289747e+02
1.142128355938513799e-02
2.839383674451680384e-01
2.267326265599212132e-01
-3.602583389479263598e-02
2.336203081063633474e-03
2.973245217071766064e-04
3.992494835227127664e-04
4.718851520522807726e-04
-9.676380349518771027e+02
9.327027855929581612e-01
1.050378887242584547e-01
1.723919379157041520e+00
-4.277251220661941467e-02
3.557763104114018866e-03
3.791874698105573060e-05
4.470348358154296875e-04
-1.783765331196297836e+02
5.183474764569915606e-03
9.897060960863580670e-01
4.144121191304390300e-02
8.132277478603635146e+00
-4.118154013963871291e-02
3.810667291089242341e-03
-5.616467647400796750e-05
5.108118057250976562e-04
7.295614244843886013e-04
-3.840488602867385453e+03
-1.116489271543240491e+01
1.719061019288781753e-03
2.886555484681507622e+01
-7.279100462661913795e-02
4.552369951905133397e-03
3.654144960127343527e-04
5.164146423339843750e-04
3.751387926734548728e+01
1.017565033685929703e-03
-1.253655871044002623e+02
3.024867142602476466e-01
7.086800643512636100e+01
-1.571389786562746582e-01
1.806749017656953012e-03
1.492845454555814452e-03
3.872092248754973589e-04
3.428897654435707665e+01
2.604487510243851350e-04
-7.211432509164020233e-03
1.035205299177402782e+00
6.393975952816642085e-03
-1.900714201520580238e-01
7.725485897585403607e-04
2.669636603926122190e-03
1.322627139093952929e-04
7.990053696972492523e-04
-8.510744512417564920e+02
-5.550605757861469556e+02
1.880951555366190187e+00
-4.486621064717649654e-02
5.502993850735862225e-01
1.462817308528380732e-02
2.780387413669364437e-03
-1.003173510087600575e-04
7.235615988667665676e-04
-9.219946993947513647e+02
-2.766862305300717140e-03
-5.661666081105677151e+00
1.715519010322303153e-02
5.809275177085777564e+00
2.549446048034294601e-02
9.822784890875194564e-04
-5.729835512466559467e-05
6.333589553833007812e-04
8.969273989431877838e-04
-2.964847983483668691e-04
4.771008066981594076e-03
2.846982396190441689e-01
3.208225592154406769e+01
-7.316005796769772113e-03
-7.932906313988125416e-03
4.086726105643895268e-04
4.593911715179618545e-04
-1.500465163119876308e+02
-5.105348213702232897e+03
-6.573769034458906901e+01
1.121898956375598333e+00
1.393922721623179939e+02
-1.619698910435579675e-01
-2.783786429207744939e-02
1.012795773676941017e-03
1.821383949074879599e-04
3.614238596205461107e+01
4.081817024085599463e-04
-6.374248829689025797e+02
2.610885818254273794e+00
6.949920105435589135e-02
-6.160064451329316793e-01
-4.009283123509106012e-02
1.201630183539700988e-03
-1.547084682754793839e-04
7.926852480904653846e-04
3.539011642258879870e-04
1.044728440683563055e-02
-3.018582330389148360e+00
7.739889802928065499e-02
-1.690637273486383263e+00
-2.833225742340211156e-02
1.441707433116968477e-03
-3.421415372484001892e-04
6.818003139231723804e-04
-7.011493483750107771e+03
-4.942100433456712949e+02
6.025245877678461759e-02
2.923827280678551466e-01
-2.886090647657357344e+00
-1.148667439788762790e-02
2.828666792214099956e-03
-1.775419054229866397e-04
4.367591280963602847e-04
-1.544353873810290679e+03
6.177130357326978197e-04
-4.829544654318033281e+01
1.272936109992441001e+00
5.322125357104116716e+00
-5.227726521592855613e-02
9.239180978260791433e-03
4.094505597454686221e-04
5.454927439976065386e-05
-1.730133255900641984e+02
-5.305182144968335706e+03
1.000377448334246848e-02
3.275850321795489073e+00
8.703446962739296566e+01
-3.325965948121337168e-01
2.688941586682139229e-02
1.544346378928041982e-03
-4.033706992850791782e-04
1.461099817468381623e+01
-8.627637400207297105e+03
-6.117204039817411738e-03
-5.249744267988649959e-02
-8.096852789396101480e-02
-1.441020826083279749e+00
5.569286934246473614e-02
3.521730858696382055e-03
-8.540857287066307146e-04
-7.966686021610448190e-04
-1.383398593151203386e+04
-6.955300606647540462e+02
1.092134137637145397e+00
1.598623593885188654e-01
-5.188720934262560647e+00
9.443445769831959602e-02
5.145445497388492599e-03
-1.175408759548004752e-03
-5.848414640968365970e-04
-5.096543278823243782e+03
-1.340570400836282033e+03
-1.286496019070865471e-01
1.949612575984752239e+00
-1.601896053720759738e+01
1.189087649838025257e-01
3.639031950633227121e-03
-1.422339975353945291e-03
-7.933108214791319843e-04
-1.335690247256716930e+03
-1.333983500529380486e-03
-5.736905665260440962e-02
-2.358030643155407668e-01
-3.866994705304043833e+01
4.808815859941991538e-02
5.377165554835392657e-05
-1.951941914369462530e-03
-1.270227457828870376e-03
-6.648670046669556086e+02
-1.169508878201276275e+04
-1.501280710265717175e+02
6.318990195556017042e+00
-3.530344419630677066e+01
-3.960792133905463586e-01
-5.106167889877211846e-03
-3.786856419441695255e-03
-1.728672822568123749e-03
1.136516892347638882e-03
-1.460819732070477403e+04
1.033303128229664733e-02
-1.609463999465614803e+00
4.035957261968602938e-01
-2.187195146936239620e+00
4.382952008734471660e-04
-8.200398420414962627e-03
-1.911268178953284304e-03
-7.535712655108031299e+01
-1.480310382208696137e+04
2.544689365921850785e-02
-7.048203035812100614e-02
3.644343647105500406e+00
-8.528727629436213320e+00
1.808839902202259362e-02
-7.799499158760731660e-03
-1.374771539574111846e-03
5.268349402361033107e+00
1.701791576889001567e-02
-5.150207698158780659e+03
-6.862169043492326814e+00
3.800313533280327491e-03
-4.783847291533074042e+01
-3.762763396614379752e-02
3.453308566708428867e-02
1.774416344024070964e-03
1.899669197235448177e-04
9.855066098945758704e-03
-1.196663371932281734e+04
5.592052853896453679e-02
9.977981396008866355e+00
-1.280159418576118746e+01
-1.561567618609054797e+00
8.876858807064930135e-02
2.598307385306378170e-03
-2.327565771941747313e-04
-1.310058178245016734e+03
-1.777486753956854227e+04
6.797697673617983383e-02
-1.557743594269912074e-02
-5.737022193138283654e+01
-2.806885687438624544e+01
8.498426637730540148e-03
-1.947964650348698451e-02
-2.146524902653987495e-03
-2.406030469537992229e-03
-1.329336075702711241e+04
-3.244658719444400504e+03
-6.241678894128460087e+01
7.684873253550188466e+00
3.494625550465472941e+01
-3.458885741615624898e+00
7.640356645575747951e-02
3.036729215834408496e-02
-5.362766543467799123e-04
-2.509522985872588379e+03
-1.314212717054262612e+04
3.632276209125506750e-02
1.183220882073719171e-01
-1.244673729007437714e+03
-7.015035400801212973e+01
-5.011385696880915619e-01
-2.857194306585332522e-02
-2.096858593301323707e-04
8.980324651996368385e-04
-1.340387796113888726e+04
-1.344959938375239290e+04
-1.306031763981625602e+02
3.023518401477275575e+00
-5.225067759443822979e+02
-4.108910547026642490e+01
-1.072931391630041059e-01
9.539838477605365116e-03
-1.630889914195308640e-02
-9.235083210483141167e-03
-1.486409476957763383e-02
-1.335582775787832543e+04
1.762999980898802832e-01
1.281837600040167935e+01
8.161961374871769692e+01
-2.211670202170011024e+01
-7.462397373958591651e-02
6.486537378172317625e-02
-2.821553273695513731e-02
-4.597083550487075267e-03
-1.513025183217556332e+04
-7.922455107225908250e+03
-3.373893288374186561e+00
-4.960494633653808705e+03
2.197131409637929949e+02
-1.099246783836827568e+01
-1.609618674131563509e-01
8.105721858921133283e-02
-4.187372485720051302e-02
-4.866502119638045978e-03
-1.640581566739947448e+04
-8.448285430691890724e+03
1.043777563760353999e+01
-8.454662374753497716e+03
4.244559057072044084e+02
6.096570540394897542e+00
-2.917850414427669570e-01
8.198377441706763968e-02
-5.714745397576609376e-02
-1.457131331423384100e-02
-1.792145199998261160e+04
-8.238370492712654595e+03
2.579572992024334610e+01
-4.770803073899586707e+03
8.436287507048989482e+02
6.654410526690860195e+01
-3.944528025095641599e-01
6.090959287130256333e-02
-5.875623335382541140e-02
-2.411514602271469174e-02
1.873693603922675643e-01
-1.216105531042065741e+04
5.481812327941574914e+00
-5.601070434886972180e+03
1.702557672716426623e+03
5.696926930774666289e+02
2.696234528087887439e-01
-2.784247825780139518e-02
-2.035154301331979984e-02
-5.211441374006419575e-02
-2.073026407441989795e+04
-1.864304588261448225e+04
4.138031380276535032e+01
-1.202584139128138304e+04
2.624858868304698262e+03
3.431931815025890501e+03
9.563568562637140502e+00
-3.318288410555786938e-01
3.737298542259574752e-02
-1.250954105885048462e-01
-1.773199689921164463e+04
-2.510624357794571551e+04
4.544214531323601314e+00
4.634100435361005310e+01
7.987295160527970665e+02
3.846236259606811473e+03
1.858276548999805300e+02
-6.075828560212049867e-01
-4.303355498864972623e-02
-1.483891299148085707e-01
1.435905175105171572e-01
-2.590142771627012917e+04
-5.195662516329895880e+03
1.460035592928477683e+02
-7.351247998015670646e+02
8.651193269675843112e+03
5.572560800517762800e+03
1.791752473041701066e+01
-5.074726050631721552e-01
-2.439775575044347486e-02
-1.657900248171052804e-01
-2.334156324467644299e+04
-2.623231132071730826e+04
2.809014953143600479e+01
-1.149115498698404190e+04
7.606774082712902782e+03
3.071064706489752552e+03
7.105023220646805839e+02
1.105061505343650552e+00
-3.153660439141858229e-01
-2.074115178582354169e-01
2.344023891081592204e-01
1.064568724067931171e+01
-6.652548542355430982e+03
1.308021375443744319e+02
-5.985894916635917070e+03
4.554808910631557410e+03
2.611238953340686294e+03
2.319346625735562384e+02
-9.093499059114864558e-01
-2.617315736138262072e-01
-4.179179612014624068e-01
-1.786947375417750300e+04
3.486651963915994656e+01
5.888230853837620771e+02
-2.321192068127232415e+04
1.769547816246356888e+03
1.954226896737126481e+03
2.909404595476420354e+02
1.289094928427587377e+02
-1.401887546179153121e+00
-4.407185596069773670e-01
-8.159333496073860603e-01
-3.282842914015410497e+04
-3.046624660526290245e+04
1.122721232148166735e+02
-1.231314560372275446e+04
3.077113047971236028e+03
2.342549270594458903e+03
1.073665343502646101e+04
6.150285101930836618e+01
-1.651711685334686042e+00
-8.682647857924752355e-01
-1.981784289087310968e+00
-4.745315652105186018e+04
-9.587768403102652883e+03
1.410787462212916353e+03
-1.636701669566864075e+04
1.916550983881486218e+03
1.627551266075434341e+03
9.244132761581462546e+03
5.506937538596162085e+01
-1.890309214075922561e+00
-1.701900137262266188e+00
-5.118773222263875766e+00
-5.465959328713034483e+04
-4.149760726094679740e+03
1.170808536228899357e+03
-8.712513385563863267e+03
3.246644504746462644e+03
4.857996510273151216e+02
1.433075503717484207e+04
8.781267528611047624e+01
-2.071002269954992592e+00
-3.055134678158122785e+00
-1.228141368982572068e+01
-6.636441175874846522e+04
-1.342501099123634503e+03
-5.646843621692065790e+04
-2.334615076940873678e+03
1.041785142896532761e+03
7.750656337500292921e+02
3.001927149574159193e+04
2.274018121626829441e+02
-8.089344578681498810e-01
-4.601366841145425823e+00
-2.376970332769429817e+01
-9.225805658353798208e+04
-6.801283593413418203e+02
-7.550911229551484575e+04
-3.386374699899692587e+03
1.313159273265923503e+03
6.603557112450965860e+02
9.040291593916278146e+01
9.076568808773860155e+02
9.335804421813550746e+00
-4.996248113789738987e+00
-3.378882665914571248e+01
-1.226773898942134692e+05
-1.314958727604500564e+04
3.446422785749584818e+03
-2.014436543343106314e+04
1.685911597344792199e+03
4.023070629658078019e+02
7.994850581174864601e+01
5.766589578686908681e+03
7.920325549845772173e+01
-7.964994890871854860e-01
-3.203596279098727706e+01
-1.115222893404439475e+02
-9.390837797108724772e+04
2.044386918826051988e+04
-4.004277037677229237e+04
1.369415501646693428e+03
1.667511778458401068e+03
1.375480619533458366e+02
4.049930112227447535e+04
6.509719556649455399e+02
2.231893336110153925e+01
-1.425978838320742703e+01
-2.564469836373591534e+02
1.089359404326107760e+05
7.777937706521681685e+04
-8.050297321230519447e+04
-3.931887251644478170e+02
2.062860567046440701e+04
2.187641946352357252e+02
2.325020839439513907e+02
7.755269728987307644e+03
1.922407112723427645e+02
2.372193589416723114e+01
-1.173561875258425005e+02
1.191566211030113627e+05
1.610526921165180829e+04
1.051298445623754087e+05
-1.184603104456780238e+04
2.229573970565168963e+02
3.702255143969356595e+03
2.156213705116817891e+03
6.361010670782268426e+04
2.614182920075772017e+03
1.513804448717100399e+02
3.939704378692312758e+01
-7.604852520608370696e+02
7.681027111937409245e+03
-1.740006008507509541e+05
7.932233654031038168e+04
-1.396272664782575703e+03
-1.992731941627617061e+03
1.174359545405555536e+03
5.835103302397041034e+02
4.785180942447358393e+04
1.565167806260327097e+03
2.312897415801112118e+02
5.768854607525035760e+01
-3.350398369153804651e+03
3.460593617071729386e+04
2.326176698079126421e+06
-1.270596786117732699e+05
-4.836789594848348202e+02
5.814593495301218354e+03
1.213921725366691135e+03
1.394719974192553309e+02
3.752240512912795384e+04
1.551722991922237497e+03
4.722257169405347099e+02
6.522663774701275941e+01
-4.930558827000782912e+03
-2.983583373983748243e+04
1.956695896526621800e+04
-8.597316641674082348e+03
-7.921238139531158595e+03
3.840532911631084517e+03
2.135898996988932481e+02
5.203603830326292012e+01
3.175369440170927192e+04
1.950410139996484304e+03
1.072975079614074048e+03
-4.016717908343803742e+02
-4.197883207642455091e+04
-2.962111182148098305e+04
3.314487629278287386e+03
-3.927033483194309156e+03
-5.239861120954614080e+02
2.269289787031529613e+03
1.272881784599233924e+03
4.470502814574864914e+01
3.652004479554489808e+04
3.230015007127141871e+03
2.570297467309597778e+03
-1.355480011051302881e+03
-1.189993074068623901e+04
-2.415777726455360971e+04
-8.745551239535495824e+02
-3.159370554482251464e+03
1.441191178007768940e+04
5.661482757494827638e+02
2.052100056968914942e+03
3.263574411657972263e+01
5.810763460557362123e+04
6.343219517186585108e+03
5.995291736533265066e+03
1.176992381811835230e+03
-1.468279084016265733e+04
-1.811507871798715860e+04
1.378465639479501988e+04
-1.192601698235694812e+03
3.095171209127547627e+02
1.260470931514555559e+03
5.748391930523860083e+02
3.514754632320649689e+05
6.973835756279771158e+04
1.158707592770961855e+04
1.569221932852489044e+04
8.328772649318734693e+03
-1.753758683876944633e+04
-1.219866343127593973e+04
2.159131939902992144e+03
-1.473734082874780597e+03
5.639644781054886380e+02
2.580206256076676709e+03
1.739367783715772475e+02
6.336626341925431043e+07
6.324050081724888878e+04
2.203873542533757427e+04
6.297485443882245454e+04
4.913487953819128961e+03
-4.345293637147730806e+03
-1.122993776023105602e+04
-2.658119806704655730e+02
-5.285264734655812617e+02
4.497537998776423933e+02
6.804272999530049901e+02
3.079888605368639105e+02
-5.692052905880310573e+05
5.908610521013767720e+04
8.320430542055431579e+04
-1.860612499202933031e+04
-1.684524412417714530e+03
-1.481860266650781159e+04
1.202457125794033200e+05
1.651567819474431928e+02
-6.078497820201084423e+00
4.640023910099028399e+03
5.740508435663662112e+02
-1.435906794531616615e+05
1.041066281028369907e+06
3.072769824853721657e+05
-3.864029619349502900e+04
9.849202287291997209e+02
-8.349696410589978768e+03
-2.603289460719350245e+04
3.899630791100779788e+03
1.121473556646675362e+00
1.854136523719715115e+03
8.620622095787696253e+02
-9.703447742503446352e+04
-1.049034637424247630e+05
-1.239616326419225807e+05
-3.017772616227987601e+04
1.108035547430387169e+03
-4.180550184136662210e+03
-2.552849356118071955e+04
7.699433945240431967e+03
1.839574811289571983e+02
9.917401311943983728e+02
1.334135375704256603e+03
-7.006760556407600234e+04
-4.801666830817441223e+04
-4.620455326956723729e+04
-2.109994819314010601e+04
8.105780437080510410e+02
-3.712531081073553651e+03
-6.928184341794427382e+03
1.115304329909643457e+03
5.611771147515047460e+02
3.947770603799263540e+02
4.096129513692852129e+02
-4.065443580115614895e+04
-2.837314956218524094e+04
-2.583657242476337706e+04
-8.992166051056616197e+03
-9.501618066630602698e+03
-1.027465739375505473e+04
-4.068440025664337008e+04
5.537803379475768679e+02
5.322918835349580036e+01
5.304585462317890006e+02
-5.268043961228520493e+04
-2.329109710092432579e+04
-1.782226555025847847e+04
-1.553902231838014086e+04
-3.391408114563770368e+02
-1.790997586537942425e+03
-1.680310460461998082e+04
5.547837162904322213e+03
6.270720206295779917e+02
2.728072939355556059e+02
1.983140209097655884e+02
-2.118721627368822374e+04
-1.281493921954957659e+04
-1.335835656093707257e+04
-3.691361695797750599e+03
-4.060869570724407367e+03
-1.064400026452752900e+04
2.977626855163545770e+04
1.700161846688528158e+03
2.296199501279621416e+02
5.174064275912750190e+02
-1.855493729365691979e+04
-9.525030385080230189e+03
-1.027460966289195676e+04
-4.575609453591582678e+03
-5.421950385934613905e+02
-8.787389001717496285e+03
2.248983639786977437e+04
2.536828040784720542e+03
4.527833499746134862e+02
4.386293689547838994e+02
-1.433616073630558458e+04
-6.733834531250252439e+03
-8.254350274406535391e+03
-3.035222867341132314e+03
-1.249470554993519954e+03
-1.298450151382304284e+04
1.079430529264661527e+04
5.821686993258251732e+02
3.903598110911897834e+02
-2.518745625063059560e+04
-8.664484327885948005e+03
-4.684094604357965181e+03
-7.052115707906521493e+03
-3.133807855794163970e+02
-3.364422236868302662e+03
-4.721104116114142380e+04
2.077865628280459077e+03
3.704390742821008189e+02
1.498990201125784552e+03
-1.213025603556622445e+04
-3.870691045917465090e+03
-4.514560765313917727e+03
-4.158423889265294747e+03
-2.054730022830100040e+02
-1.092614390183357500e+04
6.011988928388505883e+03
1.029470697065068862e+03
6.472563056035922955e+02
-1.475676784667006541e+04
-3.984807404693294757e+03
-2.389459814393977922e+03
-5.024152712323912965e+03
5.498206192945220891e+02
-4.044476721567049935e+03
1.793044418013605900e+04
3.190443101202715297e+03
9.866028503453703991e+01
-1.642414789878516603e+04
-4.138564617773236023e+03
-1.088995433937972393e+03
-4.297802406026557946e+03
-1.474466574677985875e+02
-1.737128316935232306e+03
1.923700285277907824e+04
2.674516365536196645e+03
1.456738423604045067e+02
-1.481027530900564852e+04
-3.147846853666103470e+03
-2.720112640817017109e+02
-3.649018911721555924e+03
-8.765751563095228960e+01
-5.990159252378689416e+02
1.087355915918529354e+04
2.011794754488819535e+03
2.703299721071036856e+02
-1.207498722785094651e+04
-1.681169060835479513e+03
2.992665856682446019e+02
-3.356895861014082129e+03
4.807810575074424833e+02
-1.247941256131739920e+03
1.064727190349185912e+04
2.466363475008981823e+03
7.609147518756140016e+02
-6.444425363967278827e+03
3.292910292879307121e+02
5.523877651093939534e+01
-3.011070155628758130e+03
1.391623001790489070e+03
-8.799412532250202275e+03
5.150051478169915754e+03
3.703503316851384625e+03
-1.394066914831237773e+04
-2.133377240701749542e+03
1.653185016026730409e+03
-1.291741405189512307e+03
-1.072429814880523281e+03
3.439431986848217548e+03
4.428350286542713548e+03
6.579098814669461035e+02
1.489349919366852362e+02
-4.970223987969512564e+03
1.461949264313108870e+03
1.109075292777563391e+03
-2.633449569810055436e+03
2.325735835656897962e+03
-1.158813357734453149e+02
2.286862457509877913e+03
7.281060100644385784e+02
-6.049811347084796580e+03
8.250870694346513119e+02
2.452094403889610021e+03
-1.934984216309689145e+03
6.600956428926117496e+02
6.265603106095912835e+02
2.406843899889804561e+03
3.292820516984484129e+03
-7.236754318488038734e+03
8.215078987068650349e+02
3.060203032496687683e+03
-1.175371951164744814e+03
-4.560309814188771043e+02
3.525676310811010353e+03
1.836620099220367138e+03
4.172423286165750142e+03
-7.184621085472520463e+03
1.297112081680931851e+03
3.532343385514981037e+03
-8.689029162626408151e+02
-2.309354743678383670e+02
-1.944920408995235266e+04
3.781672426236694946e+02
3.224800303943930430e+03
-4.067304934059885909e+03
2.617929337911024504e+03
3.716930803029693834e+03
-1.741797695256454290e+03
1.598777059413376492e+03
-3.337673363748311658e+03
1.252646222050976519e+02
1.566387643352136593e+03
-8.596612789506579020e+02
4.016772871508261687e+03
3.192734726616458374e+03
-2.717215460672476183e+03
-1.119187293973448504e+04
-6.872237975725499837e+02
9.152726451284792120e+02
-4.899311770894124493e+03
2.614179831591416587e+03
5.167228093037040708e+03
1.626352766946608028e+02
-1.790138666146147443e+03
-3.383094215661716589e+03
-3.523530515196769408e-01
6.036559158548251389e+02
7.582739063316589636e+02
5.315127098827843838e+03
4.228678151750880716e+03
-2.936684064351149573e+03
-2.764976001697442825e+03
-1.922401788127465068e+02
4.927688640469135066e+02
-2.252565941106853700e+02
5.283063629101524384e+03
6.504640079750808582e+03
-1.941562176040599979e+03
-1.544034403882975766e+03
-2.279089114672001699e+02
1.216876040001917261e+02
-5.675822165157450172e+02
5.492937335996216461e+03
8.505835343314667625e+03
-1.075556929890721904e+03
-8.776244465830747004e+02
-1.515227295407616452e+02
3.181077637015425452e+01
6.506052110585565060e+02
6.742595214749735533e+03
1.097499485349126553e+04
-3.297404538328684112e+02
-7.916984517953299019e+02
-7.140276842615145370e+01
1.047497714164428473e+01
2.549636932458357023e+03
9.185941954122054085e+03
9.715898717127978671e+03
1.045485033386415580e+03
-1.210961110432942633e+03
-1.815002612976333864e+02
-1.885537253592906836e+03
5.951031989018684726e+03
1.665274092878036026e+04
5.262448649156545798e+03
3.429056093330456179e+01
-4.067364969663580609e+01
-8.189593207630190363e+01
3.634865031739797814e+03
1.465325189669590691e+04
1.016058603655851766e+04
-3.665196526641296941e+02
-2.152246077413211651e+02
-8.006962365731590126e+01
1.700361132752204867e+03
1.236368130388740246e+04
1.613156751695907224e+04
-3.449741853872988941e+03
-1.769355575514099712e+02
-5.808389143855197290e+01
1.309582488073091554e+03
1.379336073409220626e+04
1.955317204934141046e+04
-6.874618010132536256e+03
-7.516067262915429126e+01
-5.003876879177758497e+01
1.861703523768562263e+03
1.890107114442904640e+04
2.747798916095700042e+04
-3.410322210600748804e+03
-3.343358367408708887e+01
-2.631531539738059777e+01
4.876496542005023912e+03
2.772285208508581127e+04
6.276122793586049374e+04
-1.656746065704149942e+03
-7.585538815483244157e+00
-1.064452042642842144e+02
1.269000195009226081e+04
3.209448592744583584e+04
-3.921826560002676706e+04
-1.194769094487926623e+03
-1.790891437735834657e+01
4.364314051034704789e+03
3.311952057510724990e+04
4.610144621012513526e+05
-4.504432210082610254e+03
-8.726790554703502067e+00
-5.753297506855707297e+02
2.377305153996328227e+04
6.776447325038078998e+04
-9.912753212828070900e+03
-7.995031553771920017e+02
-1.250995209440277733e+01
2.101627638281930922e+04
7.334991365190049692e+04
-1.400587554379565336e+04
-6.741929540147300941e+03
-6.667230824569255754e-01
2.144455574914579120e+04
1.110977205312019651e+05
-1.118413218283068636e+04
-1.648396327379119248e+04
1.420471975780267515e+00
2.794638212406690218e+04
-1.803066684867760923e+05
-9.176151655774454412e+03
-1.991729829257012625e+03
3.535696947629387068e+03
4.239053674417235743e+04
-3.297023977320466656e+04
-6.850218757055995411e+03
-1.167646781033154326e+02
1.877348321063354888e+04
-3.298502062691205647e+05
-1.336323514401101420e+04
-3.441893190411232354e+04
-7.234391186567178167e+00
6.810327560441356036e+04
-1.829017536544799805e+04
-9.647756210978031959e+03
-3.114510978216953845e+02
4.101191659129685286e+04
-3.494694657636735064e+04
-1.454604218045613561e+04
-5.942065281905925076e+02
3.598279568418944837e+04
-3.866090107129931857e+04
-1.826529470293505437e+04
-1.668834119885200153e+03
4.484376389770732931e+04
-3.862003176677328884e+04
-2.090172223340830533e+04
-1.986344594412783181e+03
1.630626981894729426e+06
-2.868682291282666120e+04
-6.544549031351557460e+03
-4.562683470624620554e+02
-6.315645636065041617e+04
-2.709315490104125638e+04
-3.371041395647819172e+03
-1.142998159924128850e+05
-3.388798815223556448e+04
-2.905019263738284280e+03
-7.361634047552450966e+02
-6.551147688112137257e+04
-8.572068387327676464e+04
-4.992822273386892107e+02
-8.459045833161937480e+04
-6.669839132538293779e+04
-9.568251242411974999e+02
-1.302123878564487968e+05
-1.231364576357856458e+04
-1.458198212489179241e+03
1.460057955040271627e+05
-4.613443906412333490e+03
-8.503505650403709524e+02
4.301434477283737942e+04
-4.211688205414667209e+03
-1.024232506545076496e+06
-1.381057437915729133e+04
-5.458763736613382207e+03
2.068690586740449726e+04
-2.372577959231051864e+03
1.447227638015119919e+04
2.684950189975019894e+05
1.666921724744479070e+04
3.102145140244855065e+04
1.368889930796840235e+04
8.816463864672432464e+03
2.254829277877558707e+04
-6.790458685213880926e+03
-1.944961211118857682e+04
-4.414059097870650476e+03
-1.713664627380214597e+03
-5.054232252592695659e+03
-6.246665759826089015e+03
-2.934921795544420092e+03
-1.225739450830755459e+03
-4.202903827185467094e+02
-5.629718644833753842e+02
2.802234752741921398e+02
1.244816866143420810e+02
2.746552961154469585e+01
5.613078647528111809e+00
-2.506372307626725249e+00
-2.645442337015808576e+01
-4.425010383053724894e+01
-3.912587750785454688e+01
2.791718603832175560e+01
1.055559585693029732e+02
-1.992064526726114693e+01
-5.170450668260600224e+01
-1.050801602234927357e+00
-1.626172098952523015e+01
-8.029275051943199060e+01
-1.828002559261547617e+02
-4.031973192187730426e+00
1.829396054477862243e+00
3.147423426612112052e-01
3.554189343598514483e+02
1.960313454502457660e+02
4.633666994558573720e+02
3.553846568824172891e+02
2.125187997533601560e+02
1.160558049651397994e+02
4.058222188675299549e+02
1.187013732512856308e+02
4.737283678846643653e+01
2.282797066473088989e+02
1.370024479715331722e+02
1.262232510916938821e+02
1.651632302103150209e+02
9.009095242530331404e+01
6.423710365893931851e+01
2.349599931119309133e+02
2.017667906686448873e+02
1.449005935086497914e+02
4.297548751742836970e+01
3.034188761845052795e+02
4.233883450953667449e+01
1.107527656248207251e+02
2.708024268739991953e+02
1.172792366434348743e+01
2.756176589337639484e+02
2.407905168491082861e+02
1.316080453192951154e+02
4.806296119751953029e+02
5.143369292816489136e+00
1.189858163112833722e+02
2.263628707486400060e+02
2.063067318593662662e+02
5.410639948369832837e+02
6.647491212914502512e+01
4.293031292685884068e+02
3.464989774186634008e+01
1.444253039657939439e+02
2.072186811212123985e+02
3.205382694509577846e+02
1.963934556651578305e+02
6.207133033527773023e+02
4.324492537878446541e+01
3.691106230639504702e+02
1.845790638938297263e+02
1.579252874774566919e+02
1.819211004996175234e+02
9.095213414096917859e+00
7.738321634063443355e+01
-2.215011862560523959e+00
2.390590590219649130e+02
1.775951009165750065e+02
8.836024499047718450e+01
3.357062212017061853e+01
9.779155287151756681e+01
1.315717213662902907e+02
-1.490904636109967818e+00
1.120195761734788249e+02
2.343420169263029607e+02
1.176380151652889055e+02
6.152542804947571220e+00
1.496962481478591656e+02
9.196537297536848143e+01
-9.609457909477159276e-01
1.331843370700359515e+02
4.554783193666890639e+01
1.350929222580592182e+02
3.239764124607574569e+00
1.469397248471079251e+02
9.767705746427742142e+00
-1.676210893743020947e+01
1.758729528408487965e+02
1.918299866228066435e+02
1.059520317067756565e+02
2.546333853387480417e+00
9.912344273712253084e+01
7.432701545149363653e+01
-8.276462025735741079e+00
4.622327661857698899e+02
9.512373150551000833e+01
1.076921039517174989e+02
3.828437869762566947e+00
2.413887989890753829e+02
3.078804126523495199e+01
-1.878167739543814463e+01
1.119781991676102137e+02
6.701780275755290006e+01
1.158614036105147278e+02
5.620767067467074440e+00
-8.594066787004206276e+01
4.899243783381749040e+01
-6.182952663878189092e+00
2.257856857285000842e+02
2.206550479616122402e+02
2.641745385272118796e+01
6.815212167859696990e+01
2.444241467888156105e+00
2.732685945119801474e+01
8.625583359965970587e+00
-7.202737564641712709e+01
3.814423333164545511e+02
9.629379687205675964e+01
1.557961663877673963e+01
1.583632607510513957e+01
2.220447410360914198e+00
4.665577539525663298e+01
-1.382889469836348617e+01
-1.560656496509903661e+02
1.367172229265356691e+02
4.991704405709138825e+01
1.793237397884321993e+01
1.972223814117960927e+01
3.347116465877446601e+00
2.799697194497006691e+01
-1.060852421447730052e+02
-4.519456850980019880e+01
2.443890210004652772e+02
9.756140582704212250e+01
8.887524046221209062e+00
2.837441265128289203e+01
1.773026539697898363e+00
7.747442515371393768e+01
-2.302255262832533944e+01
-8.209853191149348106e+01
1.709219987573544586e+02
9.180415953628740056e+01
1.433313843932565845e+01
1.494339840387154794e+01
6.388287558460404192e+00
6.564266200879476543e+00
1.444380729391865792e+01
-1.832376299891018334e+02
9.998578990307152026e+01
9.635628207328636563e+01
5.728947504141827096e+01
3.097893043059532658e+01
2.050592381580861101e+01
3.909558433610755657e+01
-1.288095896242481615e+02
-2.633843121539192200e+00
-9.240729611417441447e+01
8.768737210722468944e+01
8.983064994943498505e+01
3.709838097485287278e+01
8.076499652322945977e+00
5.733330679883606784e+00
3.213023117375190907e+01
-3.544508859835180914e+01
-2.466129741382277363e+00
-1.109320369010830376e+02
9.674165508451207529e+01
1.099375256179940834e+02
3.299259720495523140e+01
4.494605522777852968e+00
2.935137419471278708e+00
1.415607210787038772e+00
-1.364475438117382282e+02
-1.096302322830653964e+01
-4.085116481280523715e+01
3.077965010676028612e+01
7.413674622705644879e+01
3.594578646237524566e+01
2.158055654893161535e+00
1.916169596970855427e+00
2.112905912053720314e+01
2.354229612727133603e+00
-5.836140038643801153e-01
-7.099793963885205983e+01
-6.204922001735503123e+00
3.980404775053160904e+01
2.646344188809524312e+01
1.698038366521068099e+01
2.991893007326314358e+00
3.309528819322888005e+00
2.735658717189532574e+00
-2.317791114270721664e+01
-4.004941621451698097e+01
-2.717474265900363406e+01
2.986774181306868670e+01
6.616259356164019323e+01
1.137177373580269446e+01
1.423416626111605909e+00
1.329555432219432953e+00
5.514138806877184606e+00
1.710699180203567149e+00
-1.281271927099335528e+01
-6.548395453301974101e+01
-8.830976942323644607e+01
5.951972023673076251e+01
5.088191140773043486e+01
2.187409684357533024e+01
1.622763894232270632e+00
1.472219630405072088e+00
4.238509593797187058e+00
1.312755648863681834e+01
-4.648399093067352794e+01
-2.986218967753069364e+01
2.226032591063877319e+01
1.003279321566482807e+01
3.482469328757972704e+01
1.517525322083009875e+01
1.755738834542478255e+00
3.645801335240153040e+00
2.098010589571875695e+00
-6.492713975782638158e+01
-1.006304814751801473e+02
-2.463979945194444809e+01
5.526934358979662676e-01
3.449641019689504873e+01
1.139245211924488466e+01
1.578232063606715085e+00
6.207371451101865389e+00
1.928050592380935901e+00
-2.457183564769915662e+01
-1.381393276909167582e+02
-1.804231574588868980e+01
9.643799931202373665e-01
2.597418828009073266e+01
7.049953041150284427e+00
1.100754588916202259e+00
1.424719193505215253e+00
3.420422089613155858e+00
6.776298135595207839e+01
-1.277879944493842856e+02
-8.262001107434281266e+01
3.061229123781687989e+00
2.296308919323100284e+01
4.360408896193479045e+00
1.149844983390132080e+00
2.335366510557618014e+00
3.166822335302205360e+00
9.333475461111966354e+01
-1.871438357358767064e+02
-1.243527401427455175e+02
4.117385783794399678e+00
2.857113988485926726e+01
1.371842224098375596e+01
3.868148056784681543e+00
2.333266532694990847e+00
3.633778027530518706e+00
1.578963670132638981e+02
-3.806527574392137012e+02
-2.802211247941804473e+01
5.731625521264109402e+00
1.244632276168650797e+01
1.791432627064738625e+01
1.526991233540647475e+00
5.343207378792276252e+00
4.074634537607821905e+00
3.463553887830405387e+01
-4.064562056922490996e+01
-1.431588516780176690e+02
3.175100667872846394e+00
3.681570199266539589e+01
1.426458399353344841e+00
2.431920185702478143e+00
8.943843089046886519e+00
5.888151197660354441e+00
4.482290108745244694e+00
-4.629501017428212606e+01
-1.348538487966832200e+01
3.357086407714747622e+01
9.557386604815803821e+00
3.138063193017838426e+00
1.318594250525854994e+00
2.953833625340121394e+00
5.172822650985425241e+01
-1.980274621707838776e+02
-7.892533388044588705e+00
4.872563361320690944e+01
5.571674599966471852e+00
1.944888957994412859e+00
1.196941377037434640e+00
1.220104787551213121e+01
1.206778309293036777e+01
-7.755538799710939202e+01
-4.246353827054482721e+00
3.122621386000356214e+00
3.036292228790798742e+00
1.304316097638566596e+00
1.001669812036357632e+00
1.907593457311292795e+01
4.490832669308827008e+01
-1.648455190582657215e+00
-4.201755166977237366e+01
9.924706803766364160e+00
1.319066122713012046e+00
-9.916528507913127677e-02
-6.333730280224023623e-01
2.986412085345212741e+00
4.797321598765532968e+01
-4.406688770648152058e+02
-4.787206952964790929e+00
2.839174870823565344e-01
9.429353258826516093e-01
9.332460972501097629e-01
7.518821926688872281e+00
1.592868512829915595e+00
1.248097460504217437e+01
-1.352832492841756329e+00
3.098609492403963994e+00
1.034680490928239882e+00
9.463370011808863724e-01
-6.681744183169595619e-01
5.247183050905461776e+00
2.147073701659738987e+01
-1.261135669123449503e+02
-1.307264075474875442e+00
2.053103043423803176e-01
1.000704868205850140e+00
4.023241672980196748e-01
-1.949681262269495341e-01
-1.570526484823238036e+02
8.619483810386221023e+00
-4.610977556157484614e+00
1.349509507326259516e+00
5.065794819067798160e-01
9.223349526383358699e-01
-4.019899207992959411e+00
1.418761582813263589e+00
-2.790790127358346595e+01
6.454707087141700050e+00
6.740575912400084135e-01
1.090120735383427242e+00
1.004819927681577463e+00
-1.146441725832503034e+00
-2.182518661389415016e+01
1.555581545271898403e+00
5.405409132532208005e+00
-1.250112184323995912e+01
4.296992139857843673e-01
8.349418474842752458e-01
8.774849361127395886e-01
-4.147338233571903032e+01
1.080533201525793352e+00
4.146451548899567463e+00
-1.482379021455608026e+01
5.010783193079985931e-02
4.201940643953467891e-01
-3.661099455571497518e+00
-7.071209685133063694e+00
2.582283390976946591e-01
4.037235179850211075e+00
-1.910974918056018623e+01
-3.221229307039909617e+00
9.981233389070718331e-01
-5.443593863408366929e+00
-1.139361741367474856e+01
1.174971033884459060e-01
2.196457944809356189e+00
-3.178644734802590222e+01
-1.839415815202595450e+00
7.384669900542718546e-01
-2.172897572704988622e+00
-1.867510509921380901e+01
-2.094500895087600512e+00
9.882453206079001573e-01
-1.279163750322350346e+01
-1.973513595116459962e+00
-2.042432562138180252e+00
-1.222684597028116293e+01
-1.301687370934890176e+01
-6.017290651631662657e-01
3.053747231130184758e+00
-9.318737357115802311e+00
-8.404926085809147907e-01
-2.836642101884112588e+00
-1.883820640925922874e+01
-8.260148337018093090e-02
5.134235951000932774e-01
-1.119448754004330659e+01
7.099590500933053994e-01
-3.527499482148682919e+00
-4.091607908937105975e+01
-7.063351146239813527e-01
-8.313323878733431815e-01
-9.700382055690253136e-01
-7.842485838863743064e-01
8.322447890755515498e-01
-1.178015045187076595e+02
-4.464809534274215252e+01
1.383895679637016929e-01
2.252171508015137213e+00
-1.717115018044093500e+00
-1.577706059319426046e+01
8.851241239215048573e-01
-3.685351003481744492e+00
-5.563883506773816379e+01
-3.843030755359470874e+01
-4.987818218368784251e+00
5.051842076313225460e-01
4.059395397281156392e-01
6.256308809369137691e-01
-5.128662581115606578e+00
-7.873610997427697100e+00
-8.191316394433540893e+01
-1.318786250220404632e+00
1.277617068919166821e+00
-3.806324956241324742e+01
2.959882972158888181e-01
7.776985168457031250e-01
-3.327913915029746761e+01
-1.717202280282047013e+02
-6.517630970677559255e-01
1.365305856370660376e+00
-5.316890093776538606e+01
-1.225743743170045197e-01
1.030076474005295006e+00
-2.389584931249790145e+01
-1.290663241557200536e+02
-3.563240429209309923e+01
7.614769176603115586e-01
-6.456294819702182441e-02
-1.727274317601242970e+01
-4.742384835895098183e-01
-7.996834513193127236e+01
-3.634977720745029472e+01
1.468285577634145689e+00
-4.211680631207297409e+01
-1.594315090050813177e+00
3.317871547465398141e+00
-7.046272603582242766e+01
-4.256804878116058788e+00
1.086898828428826569e+00
-3.055544578551451806e+01
-1.763878282938267095e+00
9.348493803527368584e+00
-1.558603859741089934e+02
-4.614736170465534570e+01
1.865931448295371275e+00
-2.920955065840877829e+00
5.600083470070794434e+00
-5.016026598652142354e+01
-1.238078887998398443e+02
1.333874124588213306e+00
1.030553054586096584e+00
1.606867245592468052e+01
-9.246764538438370096e+01
-1.986580569235804035e+02
4.358169568444290931e+00
2.481380343247672648e+00
1.518781973993826995e+01
-1.366946562025475203e+02
-7.985372826781304667e+00
2.906236643991070778e+01
7.710620955616615646e+00
-5.966370973304410086e+01
-1.157692626224738746e+02
3.709761647725210310e+01
6.444907789623799843e+00
-1.423275078228261936e+00
1.477834549278475862e+01
8.971853334731710206e+00
6.567208042316191374e+00
-5.161677385182258604e+00
5.522346563836673994e+00
3.560554352159817526e+00
5.530565467546582958e+00
1.462283245207924853e+00
2.028077645689443820e+00
7.526350298738389011e-01
